TimeSinceFirstFrame(s), AngleAtTime(deg), dTime(1/2of30fps)(s), dAngle(0.01deg)
0.0	0.3487	0.03	0.0009
0.7	-0.3481	0.03	0.0009
1.37	0.3487	0.03	0.0009
2.07	-0.3427	0.03	0.0009
2.74	0.3406	0.03	0.0009
3.4	-0.338	0.03	0.0009
4.1	0.3396	0.03	0.0009
4.77	-0.3378	0.03	0.0009
5.44	0.3344	0.03	0.0009
6.14	-0.3321	0.03	0.0009
6.8	0.332	0.03	0.0009
7.47	-0.3265	0.03	0.0009
8.17	0.3295	0.03	0.0009
8.84	-0.327	0.03	0.0009
9.51	0.3252	0.03	0.0009
10.21	-0.3194	0.03	0.0009
10.87	0.3218	0.03	0.0009
11.54	-0.3184	0.03	0.0009
12.24	0.3189	0.03	0.0009
12.91	-0.3151	0.03	0.0009
13.57	0.3142	0.03	0.0009
14.27	-0.3103	0.03	0.0009
14.94	0.3112	0.03	0.0009
15.61	-0.3076	0.03	0.0009
16.31	0.3053	0.03	0.0009
16.97	-0.3056	0.03	0.0009
17.64	0.3031	0.03	0.0009
18.31	-0.3002	0.03	0.0009
19.01	0.302	0.03	0.0009
19.68	-0.2979	0.03	0.0009
20.34	0.2974	0.03	0.0009
21.04	-0.2981	0.03	0.0009
21.71	0.296	0.03	0.0009
22.38	-0.2897	0.03	0.0009
23.08	0.2923	0.03	0.0009
23.75	-0.2903	0.03	0.0009
24.41	0.2888	0.03	0.0009
25.11	-0.2834	0.03	0.0009
25.78	0.2847	0.03	0.0009
26.45	-0.2806	0.03	0.0009
27.15	0.2828	0.03	0.0009
27.81	-0.2785	0.03	0.0009
28.48	0.2786	0.03	0.0009
29.18	-0.2746	0.03	0.0009
29.85	0.2769	0.03	0.0009
30.52	-0.2713	0.03	0.0009
31.18	0.2736	0.03	0.0009
31.88	-0.2673	0.03	0.0009
32.55	0.2691	0.03	0.0009
33.22	-0.2653	0.03	0.0009
33.88	0.2678	0.03	0.0009
34.58	-0.2639	0.03	0.0009
35.25	0.265	0.03	0.0009
35.92	-0.26	0.03	0.0009
36.62	0.2619	0.03	0.0009
37.29	-0.2611	0.03	0.0009
37.95	0.2573	0.03	0.0009
38.62	-0.254	0.03	0.0009
39.32	0.2572	0.03	0.0009
39.99	-0.2522	0.03	0.0009
40.65	0.2517	0.03	0.0009
41.35	-0.2501	0.03	0.0009
42.02	0.2491	0.03	0.0009
42.69	-0.2468	0.03	0.0009
43.36	0.2465	0.03	0.0009
44.06	-0.2439	0.03	0.0009
44.72	0.2447	0.03	0.0009
45.39	-0.2402	0.03	0.0009
46.09	0.241	0.03	0.0009
46.76	-0.2373	0.03	0.0009
47.42	0.2384	0.03	0.0009
48.09	-0.2343	0.03	0.0009
48.79	0.2351	0.03	0.0009
49.46	-0.2329	0.03	0.0009
50.13	0.234	0.03	0.0009
50.79	-0.2296	0.03	0.0009
51.49	0.2306	0.03	0.0009
52.16	-0.227	0.03	0.0009
52.83	0.2273	0.03	0.0009
53.53	-0.2234	0.03	0.0009
54.19	0.2262	0.03	0.0009
54.86	-0.2211	0.03	0.0009
55.53	0.223	0.03	0.0009
56.23	-0.219	0.03	0.0009
56.9	0.2191	0.03	0.0009
57.56	-0.2162	0.03	0.0009
58.23	0.2173	0.03	0.0009
58.93	-0.2146	0.03	0.0009
59.6	0.2143	0.03	0.0009
60.26	-0.2121	0.03	0.0009
60.93	0.2118	0.03	0.0009
61.63	-0.2097	0.03	0.0009
62.3	0.2102	0.03	0.0009
62.96	-0.2068	0.03	0.0009
63.67	0.2079	0.03	0.0009
64.33	-0.2042	0.03	0.0009
65.0	0.204	0.03	0.0009
65.67	-0.2018	0.03	0.0009
66.33	0.201	0.03	0.0009
67.03	-0.1991	0.03	0.0009
67.7	0.1992	0.03	0.0009
68.37	-0.1971	0.03	0.0009
69.03	0.1969	0.03	0.0009
69.73	-0.1944	0.03	0.0009
70.4	0.1957	0.03	0.0009
71.07	-0.1929	0.03	0.0009
71.74	0.1921	0.03	0.0009
72.44	-0.19	0.03	0.0009
73.1	0.1903	0.03	0.0009
73.77	-0.1877	0.03	0.0009
74.47	0.1876	0.03	0.0009
75.14	-0.1854	0.03	0.0009
75.8	0.1846	0.03	0.0009
76.47	-0.1824	0.03	0.0009
77.14	0.1829	0.03	0.0009
77.84	-0.1809	0.03	0.0009
78.51	0.1815	0.03	0.0009
79.17	-0.1792	0.03	0.0009
79.84	0.1794	0.03	0.0009
80.54	-0.1769	0.03	0.0009
81.21	0.1777	0.03	0.0009
81.87	-0.1749	0.03	0.0009
82.54	0.1753	0.03	0.0009
83.21	-0.1726	0.03	0.0009
83.91	0.1729	0.03	0.0009
84.58	-0.1705	0.03	0.0009
85.24	0.1712	0.03	0.0009
85.91	-0.1687	0.03	0.0009
86.61	0.1693	0.03	0.0009
87.28	-0.167	0.03	0.0009
87.94	0.1677	0.03	0.0009
88.61	-0.1649	0.03	0.0009
89.28	0.165	0.03	0.0009
89.98	-0.1628	0.03	0.0009
90.65	0.1627	0.03	0.0009
91.31	-0.1614	0.03	0.0009
91.98	0.1604	0.03	0.0009
92.68	-0.1584	0.03	0.0009
93.35	0.1593	0.03	0.0009
94.01	-0.1568	0.03	0.0009
94.68	0.1575	0.03	0.0009
95.35	-0.1549	0.03	0.0009
96.05	0.1552	0.03	0.0009
96.71	-0.1534	0.03	0.0009
97.38	0.1539	0.03	0.0009
98.05	-0.1525	0.03	0.0009
98.75	0.1512	0.03	0.0009
99.42	-0.1503	0.03	0.0009
100.08	0.1502	0.03	0.0009
100.75	-0.148	0.03	0.0009
101.42	0.1477	0.03	0.0009
102.12	-0.1462	0.03	0.0009
102.78	0.1469	0.03	0.0009
103.45	-0.1456	0.03	0.0009
104.12	0.1442	0.03	0.0009
104.82	-0.1431	0.03	0.0009
105.49	0.1426	0.03	0.0009
106.15	-0.1424	0.03	0.0009
106.82	0.1404	0.03	0.0009
107.49	-0.1391	0.03	0.0009
108.19	0.139	0.03	0.0009
108.85	-0.138	0.03	0.0009
109.52	0.1376	0.03	0.0009
110.22	-0.1366	0.03	0.0009
110.85	0.1361	0.03	0.0009
111.56	-0.1347	0.03	0.0009
112.22	0.1345	0.03	0.0009
112.89	-0.1325	0.03	0.0009
113.56	0.1322	0.03	0.0009
114.26	-0.1312	0.03	0.0009
114.92	0.1304	0.03	0.0009
115.59	-0.1297	0.03	0.0009
116.26	0.1291	0.03	0.0009
116.92	-0.1284	0.03	0.0009
117.62	0.1283	0.03	0.0009
118.29	-0.1259	0.03	0.0009
118.96	0.1262	0.03	0.0009
119.63	-0.1257	0.03	0.0009
120.29	0.1239	0.03	0.0009
120.99	-0.123	0.03	0.0009
121.66	0.1233	0.03	0.0009
122.33	-0.1213	0.03	0.0009
122.99	0.1216	0.03	0.0009
123.66	-0.12	0.03	0.0009
124.36	0.1203	0.03	0.0009
125.03	-0.1195	0.03	0.0009
125.7	0.1192	0.03	0.0009
126.36	-0.1173	0.03	0.0009
127.06	0.1165	0.03	0.0009
127.73	-0.1136	0.03	0.0009
128.4	0.1159	0.03	0.0009
129.06	-0.114	0.03	0.0009
129.73	0.1143	0.03	0.0009
130.4	-0.1132	0.03	0.0009
131.1	0.1127	0.03	0.0009
131.77	-0.1112	0.03	0.0009
132.43	0.112	0.03	0.0009
133.1	-0.1101	0.03	0.0009
133.8	0.1096	0.03	0.0009
134.47	-0.1095	0.03	0.0009
135.13	0.1095	0.03	0.0009
135.8	-0.1074	0.03	0.0009
136.47	0.1071	0.03	0.0009
137.17	-0.1067	0.03	0.0009
137.83	0.1064	0.03	0.0009
138.5	-0.1055	0.03	0.0009
139.17	0.1055	0.03	0.0009
139.84	-0.1032	0.03	0.0009
140.5	0.1036	0.03	0.0009
141.2	-0.1029	0.03	0.0009
141.87	0.1026	0.03	0.0009
142.54	-0.1012	0.03	0.0009
143.2	0.1011	0.03	0.0009
143.87	-0.0994	0.03	0.0009
144.54	0.0988	0.03	0.0009
145.24	-0.0984	0.03	0.0009
145.91	0.0973	0.03	0.0009
146.57	-0.0974	0.03	0.0009
147.24	0.0973	0.03	0.0009
147.94	-0.0967	0.03	0.0009
148.61	0.0958	0.03	0.0009
149.27	-0.0947	0.03	0.0009
149.94	0.0952	0.03	0.0009
150.61	-0.0938	0.03	0.0009
151.31	0.0936	0.03	0.0009
151.98	-0.093	0.03	0.0009
152.64	0.0925	0.03	0.0009
153.31	-0.0921	0.03	0.0009
153.98	0.0909	0.03	0.0009
154.68	-0.0906	0.03	0.0009
155.34	0.0897	0.03	0.0009
156.01	-0.0896	0.03	0.0009
156.68	0.0893	0.03	0.0009
157.34	-0.0892	0.03	0.0009
158.01	0.0885	0.03	0.0009
158.71	-0.0876	0.03	0.0009
159.35	0.087	0.03	0.0009
160.05	-0.0865	0.03	0.0009
160.71	0.0855	0.03	0.0009
161.38	-0.0854	0.03	0.0009
162.05	0.0849	0.03	0.0009
162.75	-0.0849	0.03	0.0009
163.41	0.0839	0.03	0.0009
164.08	-0.0833	0.03	0.0009
164.75	0.0833	0.03	0.0009
165.41	-0.0824	0.03	0.0009
166.12	0.0828	0.03	0.0009
166.78	-0.0818	0.03	0.0009
167.45	0.0821	0.03	0.0009
168.12	-0.0815	0.03	0.0009
168.78	0.0813	0.03	0.0009
169.45	-0.0807	0.03	0.0009
170.15	0.0803	0.03	0.0009
170.82	-0.0795	0.03	0.0009
171.48	0.0793	0.03	0.0009
172.15	-0.0787	0.03	0.0009
172.82	0.078	0.03	0.0009
173.49	-0.0774	0.03	0.0009
174.19	0.0772	0.03	0.0009
174.85	-0.077	0.03	0.0009
175.52	0.0764	0.03	0.0009
176.19	-0.0763	0.03	0.0009
176.85	0.0758	0.03	0.0009
177.55	-0.0754	0.03	0.0009
178.22	0.0747	0.03	0.0009
178.89	-0.0747	0.03	0.0009
179.56	0.0742	0.03	0.0009
180.22	-0.074	0.03	0.0009
180.89	0.0739	0.03	0.0009
181.56	-0.0731	0.03	0.0009
182.26	0.0727	0.03	0.0009
182.92	-0.0722	0.03	0.0009
183.59	0.0725	0.03	0.0009
184.26	-0.0719	0.03	0.0009
184.92	0.0709	0.03	0.0009
185.59	-0.0706	0.03	0.0009
186.29	0.0704	0.03	0.0009
186.96	-0.0702	0.03	0.0009
187.63	0.0697	0.03	0.0009
188.29	-0.069	0.03	0.0009
188.96	0.0689	0.03	0.0009
189.63	-0.0686	0.03	0.0009
190.29	0.0686	0.03	0.0009
190.99	-0.0674	0.03	0.0009
191.66	0.0682	0.03	0.0009
192.33	-0.0672	0.03	0.0009
193.0	0.0669	0.03	0.0009
193.66	-0.0659	0.03	0.0009
194.36	0.0663	0.03	0.0009
195.03	-0.0651	0.03	0.0009
195.7	0.0655	0.03	0.0009
196.36	-0.0648	0.03	0.0009
197.03	0.0654	0.03	0.0009
197.7	-0.0642	0.03	0.0009
198.36	0.0642	0.03	0.0009
199.06	-0.0634	0.03	0.0009
199.73	0.0637	0.03	0.0009
200.4	-0.0626	0.03	0.0009
201.07	0.0626	0.03	0.0009
201.77	-0.062	0.03	0.0009
202.43	0.062	0.03	0.0009
203.1	-0.0618	0.03	0.0009
203.77	0.0617	0.03	0.0009
204.43	-0.0613	0.03	0.0009
205.1	0.0608	0.03	0.0009
205.77	-0.0603	0.03	0.0009
206.44	0.06	0.03	0.0009
207.14	-0.059	0.03	0.0009
207.8	0.0589	0.03	0.0009
208.47	-0.0587	0.03	0.0009
209.14	0.0584	0.03	0.0009
209.8	-0.0578	0.03	0.0009
210.47	0.0573	0.03	0.0009
211.17	-0.0568	0.03	0.0009
211.84	0.0572	0.03	0.0009
212.5	-0.057	0.03	0.0009
213.17	0.0572	0.03	0.0009
213.87	-0.0564	0.03	0.0009
214.51	0.0562	0.03	0.0009
215.21	-0.0559	0.03	0.0009
215.87	0.0557	0.03	0.0009
216.54	-0.0552	0.03	0.0009
217.21	0.0556	0.03	0.0009
217.87	-0.055	0.03	0.0009
218.54	0.0547	0.03	0.0009
219.24	-0.054	0.03	0.0009
219.91	0.0542	0.03	0.0009
220.58	-0.0536	0.03	0.0009
221.24	0.0535	0.03	0.0009
221.91	-0.053	0.03	0.0009
222.58	0.0532	0.03	0.0009
223.24	-0.0528	0.03	0.0009
223.94	0.0523	0.03	0.0009
224.61	-0.0519	0.03	0.0009
225.28	0.0521	0.03	0.0009
225.94	-0.0517	0.03	0.0009
226.61	0.0514	0.03	0.0009
227.28	-0.0513	0.03	0.0009
227.98	0.0508	0.03	0.0009
228.65	-0.0504	0.03	0.0009
229.31	0.05	0.03	0.0009
229.98	-0.0499	0.03	0.0009
230.65	0.0499	0.03	0.0009
231.35	-0.049	0.03	0.0009
232.01	0.0491	0.03	0.0009
232.68	-0.0485	0.03	0.0009
233.31	0.0485	0.03	0.0009
234.02	-0.0478	0.03	0.0009
234.68	0.0481	0.03	0.0009
235.35	-0.0477	0.03	0.0009
236.05	0.0469	0.03	0.0009
236.68	-0.0464	0.03	0.0009
237.38	0.0464	0.03	0.0009
238.05	-0.0468	0.03	0.0009
238.72	0.0467	0.03	0.0009
239.42	-0.0466	0.03	0.0009
240.08	0.0462	0.03	0.0009
240.75	-0.0456	0.03	0.0009
241.42	0.0456	0.03	0.0009
242.09	-0.0448	0.03	0.0009
242.72	0.0448	0.03	0.0009
243.45	-0.0447	0.03	0.0009
244.09	0.0445	0.03	0.0009
244.79	-0.0449	0.03	0.0009
245.42	0.0445	0.03	0.0009
246.09	-0.0443	0.03	0.0009
246.79	0.0439	0.03	0.0009
247.46	-0.044	0.03	0.0009
248.12	0.0433	0.03	0.0009
248.82	-0.043	0.03	0.0009
249.46	0.0425	0.03	0.0009
250.16	-0.0427	0.03	0.0009
250.82	0.042	0.03	0.0009
251.46	-0.0424	0.03	0.0009
252.16	0.0423	0.03	0.0009
252.82	-0.0422	0.03	0.0009
253.49	0.0417	0.03	0.0009
254.19	-0.0418	0.03	0.0009
254.86	0.041	0.03	0.0009
255.53	-0.0408	0.03	0.0009
256.19	0.0405	0.03	0.0009
256.79	-0.0395	0.03	0.0009
257.53	0.0392	0.03	0.0009
258.19	-0.0397	0.03	0.0009
258.86	0.0394	0.03	0.0009
259.56	-0.0401	0.03	0.0009
260.19	0.0392	0.03	0.0009
260.9	-0.0394	0.03	0.0009
261.53	0.039	0.03	0.0009
262.23	-0.0393	0.03	0.0009
262.9	0.0391	0.03	0.0009
263.56	-0.039	0.03	0.0009
264.23	0.0383	0.03	0.0009
264.93	-0.0382	0.03	0.0009
265.6	0.0379	0.03	0.0009
266.26	-0.038	0.03	0.0009
266.93	0.0373	0.03	0.0009
267.6	-0.0376	0.03	0.0009
268.27	0.0364	0.03	0.0009
268.97	-0.0371	0.03	0.0009
269.63	0.0364	0.03	0.0009
270.3	-0.0369	0.03	0.0009
270.97	0.0362	0.03	0.0009
271.6	-0.0365	0.03	0.0009
272.3	0.0361	0.03	0.0009
272.97	-0.0362	0.03	0.0009
273.67	0.036	0.03	0.0009
274.3	-0.0361	0.03	0.0009
275.0	0.0355	0.03	0.0009
275.67	-0.0359	0.03	0.0009
276.37	0.0354	0.03	0.0009
277.04	-0.0356	0.03	0.0009
277.7	0.0353	0.03	0.0009
278.37	-0.0351	0.03	0.0009
279.04	0.0348	0.03	0.0009
279.7	-0.0346	0.03	0.0009
280.37	0.0342	0.03	0.0009
281.04	-0.0345	0.03	0.0009
281.71	0.0338	0.03	0.0009
282.41	-0.0338	0.03	0.0009
283.07	0.0332	0.03	0.0009
283.74	-0.0336	0.03	0.0009
284.41	0.0327	0.03	0.0009
285.07	-0.033	0.03	0.0009